N: 78
M: 21
1 1 
6 2 3 4 5 6 7 
5 8 9 10 11 12 
1 13 
1 14 
5 15 16 17 18 19 
3 20 21 22 
3 23 24 25 
6 26 27 28 29 30 31 
1 32 
5 33 34 35 36 37 
6 38 39 40 41 42 43 
4 44 45 46 47 
3 48 49 50 
1 51 
5 52 53 54 55 56 
5 57 58 59 60 61 
4 62 63 64 65 
5 66 67 68 69 70 
5 71 72 73 74 75 
3 76 77 78 
Distance Matrix: 
0 128 62 37 102 56 48 62 45 60 112 122 45 12 52 25 55 98 31 25 99 69 99 10 67 10 150 99 145 83 157 150 140 104 111 144 102 104 39 54 47 21 28 39 70 128 74 70 43 68 43 158 32 42 35 54 32 44 43 45 48 44 43 64 51 43 11 60 45 28 11 166 177 120 193 166 106 133 106 
128 0 67 103 26 73 80 67 167 186 238 205 167 117 180 105 145 149 98 105 48 73 48 138 116 138 59 56 54 52 52 59 267 231 237 272 230 231 115 88 105 127 113 115 198 253 202 198 171 192 171 48 96 86 105 92 96 172 171 172 155 172 86 123 86 86 117 131 87 147 117 294 305 248 321 294 232 260 232 
62 67 0 47 42 7 19 0 104 118 173 160 104 50 114 38 82 100 31 38 53 23 53 71 76 71 92 44 86 23 97 92 200 163 170 205 163 163 51 27 43 65 46 51 131 186 136 131 105 124 105 97 31 24 39 45 31 106 105 106 97 106 25 80 36 25 51 84 31 80 51 228 238 181 255 228 167 192 167 
37 103 47 0 79 39 28 47 65 94 137 114 65 32 83 31 86 121 29 31 67 65 67 45 36 45 138 90 132 69 142 138 173 137 144 175 134 137 60 56 61 25 47 60 103 163 104 103 75 104 75 141 22 23 48 17 22 73 72 74 52 73 22 37 18 22 28 39 17 65 28 195 207 149 220 195 130 166 130 
102 26 42 79 0 47 55 42 142 160 213 184 142 91 154 79 122 130 72 79 35 51 35 112 96 112 68 42 62 30 67 68 242 205 212 246 204 205 91 64 82 102 88 91 172 228 176 172 146 166 146 64 71 61 80 69 71 146 145 147 130 146 61 102 62 61 91 109 63 122 91 269 279 222 295 269 207 234 207 
56 73 7 39 47 0 12 7 97 113 167 153 97 44 108 32 80 102 25 32 53 28 53 65 69 65 99 51 93 30 104 99 195 158 165 200 157 158 49 28 42 58 42 49 125 181 130 125 99 120 99 104 25 17 36 39 25 100 99 100 89 100 18 73 29 18 44 77 24 76 44 222 232 176 249 222 161 187 161 
48 80 19 28 55 12 0 19 88 107 158 141 88 38 100 27 81 107 21 27 53 39 53 58 58 58 111 63 105 42 115 111 189 152 159 193 151 152 51 35 46 48 41 51 118 176 122 118 92 115 92 114 16 6 37 28 16 92 91 92 78 92 6 61 19 6 37 65 12 71 37 214 225 168 241 214 152 181 152 
62 67 0 47 42 7 19 0 104 118 173 160 104 50 114 38 82 100 31 38 53 23 53 71 76 71 92 44 86 23 97 92 200 163 170 205 163 163 51 27 43 65 46 51 131 186 136 131 105 124 105 97 31 24 39 45 31 106 105 106 97 106 25 80 36 25 51 84 31 80 51 228 238 181 255 228 167 192 167 
45 167 104 65 142 97 88 104 0 48 72 88 0 56 28 69 86 133 74 69 131 114 131 38 74 38 195 144 189 127 201 195 113 80 87 112 75 80 82 99 91 40 72 82 48 108 44 48 26 60 26 201 73 81 81 80 73 21 20 21 25 21 81 68 83 81 54 58 80 51 54 131 144 85 156 131 65 107 65 
60 186 118 94 160 113 107 118 48 0 68 133 48 70 21 81 62 106 88 81 159 119 159 50 116 50 199 148 195 137 209 199 82 45 51 88 45 45 77 102 88 72 74 77 15 69 27 15 23 11 23 210 91 102 83 112 91 28 29 27 72 28 103 111 110 103 71 103 105 39 71 112 120 67 140 112 65 74 65 
112 238 173 137 213 167 158 173 72 68 0 112 72 124 62 137 130 174 143 137 203 179 203 103 142 103 261 210 256 195 269 261 58 48 50 49 39 48 141 163 151 112 135 141 53 68 42 53 70 72 70 270 143 152 144 152 143 68 69 67 91 68 152 135 154 152 123 125 151 103 123 61 76 22 84 61 8 57 8 
122 205 160 114 184 153 141 160 88 133 112 0 88 129 113 138 172 218 139 138 158 178 158 119 89 119 249 204 243 182 251 249 170 149 153 160 141 149 161 168 167 103 148 161 127 175 116 127 113 144 113 249 134 136 154 117 134 108 107 108 74 108 135 83 126 135 125 76 129 138 125 166 184 133 180 166 105 167 105 
45 167 104 65 142 97 88 104 0 48 72 88 0 56 28 69 86 133 74 69 131 114 131 38 74 38 195 144 189 127 201 195 113 80 87 112 75 80 82 99 91 40 72 82 48 108 44 48 26 60 26 201 73 81 81 80 73 21 20 21 25 21 81 68 83 81 54 58 80 51 54 131 144 85 156 131 65 107 65 
12 117 50 32 91 44 38 50 56 70 124 129 56 0 64 13 54 93 19 13 90 57 90 21 66 21 139 87 133 71 145 139 151 114 121 155 113 114 33 43 38 26 19 33 81 138 85 81 55 77 55 146 21 32 26 48 21 56 55 56 57 56 33 64 44 33 4 62 36 35 4 178 188 131 205 178 118 144 118 
52 180 114 83 154 108 100 114 28 21 62 113 28 64 0 76 72 119 83 76 149 118 149 42 99 42 200 148 195 134 208 200 90 55 62 93 52 55 79 102 90 58 73 79 21 82 22 21 9 32 9 209 84 94 82 99 84 9 11 9 53 9 95 94 100 95 63 85 95 42 63 114 125 68 141 114 57 84 57 
25 105 38 31 79 32 27 38 69 81 137 138 69 13 76 0 56 90 7 0 81 45 81 34 67 34 126 75 120 58 132 126 163 126 133 168 125 126 29 31 30 35 16 29 93 149 98 93 67 88 67 133 13 23 17 44 13 68 67 69 67 68 24 68 38 24 15 67 29 44 15 190 200 144 217 190 131 155 131 
55 145 82 86 122 80 81 82 86 62 130 172 86 54 72 56 0 47 62 56 133 72 133 54 120 54 145 98 141 93 157 145 134 100 105 144 103 100 31 57 40 76 41 31 77 116 88 77 66 61 66 160 69 78 45 100 69 71 71 71 99 71 80 118 94 80 58 115 86 34 58 170 175 128 198 170 126 126 126 
98 149 100 121 130 102 107 100 133 106 174 218 133 93 119 90 47 0 93 90 152 80 152 99 157 99 130 94 127 100 143 130 168 138 142 181 143 138 62 73 62 118 75 62 121 147 133 121 113 102 113 148 101 107 73 132 101 118 118 118 145 118 109 157 124 109 98 156 116 82 98 207 209 169 235 207 171 160 171 
31 98 31 29 72 25 21 31 74 88 143 139 74 19 83 7 62 93 0 7 74 40 74 40 65 40 120 70 115 53 127 120 169 133 139 174 132 133 32 29 32 38 21 32 100 156 105 100 74 95 74 127 8 16 20 40 8 75 74 75 70 75 18 66 33 18 20 67 24 51 20 197 207 150 224 197 137 162 137 
25 105 38 31 79 32 27 38 69 81 137 138 69 13 76 0 56 90 7 0 81 45 81 34 67 34 126 75 120 58 132 126 163 126 133 168 125 126 29 31 30 35 16 29 93 149 98 93 67 88 67 133 13 23 17 44 13 68 67 69 67 68 24 68 38 24 15 67 29 44 15 190 200 144 217 190 131 155 131 
99 48 53 67 35 53 53 53 131 159 203 158 131 90 149 81 133 152 74 81 0 72 0 109 71 109 101 74 96 56 98 101 239 203 210 241 201 203 102 79 95 92 94 102 169 228 171 169 141 167 141 95 69 58 89 51 69 140 139 141 115 140 57 78 49 57 88 87 54 124 88 262 274 215 287 262 196 232 196 
69 73 23 65 51 28 39 23 114 119 179 178 114 57 118 45 72 80 40 45 72 0 72 77 97 77 82 30 77 22 90 82 199 163 169 206 164 163 44 16 33 78 45 44 132 183 139 132 109 123 109 92 45 42 36 66 45 111 110 112 111 111 44 100 57 44 59 103 51 80 59 230 239 185 258 230 174 191 174 
99 48 53 67 35 53 53 53 131 159 203 158 131 90 149 81 133 152 74 81 0 72 0 109 71 109 101 74 96 56 98 101 239 203 210 241 201 203 102 79 95 92 94 102 169 228 171 169 141 167 141 95 69 58 89 51 69 140 139 141 115 140 57 78 49 57 88 87 54 124 88 262 274 215 287 262 196 232 196 
10 138 71 45 112 65 58 71 38 50 103 119 38 21 42 34 54 99 40 34 109 77 109 0 72 0 159 108 154 92 166 159 131 94 101 134 93 94 44 62 53 25 34 44 60 119 64 60 34 59 34 167 42 52 43 62 42 34 33 35 45 34 53 68 60 53 21 63 54 23 21 157 167 110 183 157 97 123 97 
67 116 76 36 96 69 58 76 74 116 142 89 74 66 99 67 120 157 65 67 71 97 71 72 0 72 161 118 155 96 162 161 187 154 161 186 149 154 96 91 97 47 82 96 121 181 118 121 93 126 93 160 58 55 84 31 58 90 89 91 52 90 53 8 40 53 61 18 46 94 61 203 217 158 226 203 135 181 135 
10 138 71 45 112 65 58 71 38 50 103 119 38 21 42 34 54 99 40 34 109 77 109 0 72 0 159 108 154 92 166 159 131 94 101 134 93 94 44 62 53 25 34 44 60 119 64 60 34 59 34 167 42 52 43 62 42 34 33 35 45 34 53 68 60 53 21 63 54 23 21 157 167 110 183 157 97 123 97 
150 59 92 138 68 99 111 92 195 199 261 249 195 139 200 126 145 130 120 126 101 82 101 159 161 159 0 51 6 69 15 0 278 243 249 287 244 243 123 98 112 157 127 123 213 261 221 213 191 202 191 21 123 116 118 132 123 193 192 194 189 193 117 167 124 117 140 173 121 161 140 311 318 266 339 311 256 270 256 
99 56 44 90 42 51 63 44 144 148 210 204 144 87 148 75 98 94 70 75 74 30 74 108 118 108 51 0 46 22 60 51 228 192 198 236 193 192 72 46 61 107 75 72 162 212 170 162 140 152 140 62 73 68 66 88 73 142 141 142 139 142 69 123 79 69 89 128 74 110 89 260 268 215 288 260 204 221 204 
145 54 86 132 62 93 105 86 189 195 256 243 189 133 195 120 141 127 115 120 96 77 96 154 155 154 6 46 0 63 16 6 274 238 244 282 239 238 118 93 107 151 122 118 208 256 216 208 186 198 186 21 117 110 112 126 117 188 187 189 183 188 111 161 118 111 135 167 116 156 135 306 314 261 334 306 250 266 250 
83 52 23 69 30 30 42 23 127 137 195 182 127 71 134 58 93 100 53 58 56 22 56 92 96 92 69 22 63 0 74 69 218 182 188 225 182 182 64 37 54 88 63 64 150 203 156 150 126 142 126 75 54 47 55 66 54 127 126 128 120 127 48 101 57 48 72 106 53 98 72 248 257 202 275 248 189 211 189 
157 52 97 142 67 104 115 97 201 209 269 251 201 145 208 132 157 143 127 132 98 90 98 166 162 166 15 60 16 74 0 15 288 252 259 296 254 252 132 106 121 162 135 132 222 271 229 222 199 212 199 7 128 121 126 134 128 201 200 201 193 201 121 168 126 121 147 175 125 170 147 320 328 275 348 320 263 281 263 
150 59 92 138 68 99 111 92 195 199 261 249 195 139 200 126 145 130 120 126 101 82 101 159 161 159 0 51 6 69 15 0 278 243 249 287 244 243 123 98 112 157 127 123 213 261 221 213 191 202 191 21 123 116 118 132 123 193 192 194 189 193 117 167 124 117 140 173 121 161 140 311 318 266 339 311 256 270 256 
140 267 200 173 242 195 189 200 113 82 58 170 113 151 90 163 134 168 169 163 239 199 239 131 187 131 278 228 274 218 288 278 0 37 30 17 38 37 156 183 167 149 155 156 70 23 70 70 98 76 98 291 172 183 164 190 172 100 101 99 137 100 184 181 190 184 152 171 185 120 152 41 41 36 68 41 65 8 65 
104 231 163 137 205 158 152 163 80 45 48 149 80 114 55 126 100 138 133 126 203 163 203 94 154 94 243 192 238 182 252 243 37 0 7 44 9 0 120 147 131 113 119 120 34 28 37 34 63 41 63 254 136 146 128 154 136 65 66 64 105 65 147 148 154 147 115 139 149 84 115 70 76 33 98 70 51 29 51 
111 237 170 144 212 165 159 170 87 51 50 153 87 121 62 133 105 142 139 133 210 169 210 101 161 101 249 198 244 188 259 249 30 7 0 39 13 7 126 153 137 120 125 126 41 22 43 41 69 47 69 261 142 153 134 161 142 71 72 70 111 71 154 154 161 154 122 145 155 90 122 65 70 32 93 65 53 23 53 
144 272 205 175 246 200 193 205 112 88 49 160 112 155 93 168 144 181 174 168 241 206 241 134 186 134 287 236 282 225 296 287 17 44 39 0 43 44 164 190 175 150 162 164 75 39 71 75 101 85 101 298 176 186 171 191 176 102 103 101 135 102 187 179 192 187 156 169 188 127 156 26 33 28 54 26 56 23 56 
102 230 163 134 204 157 151 163 75 45 39 141 75 113 52 125 103 143 132 125 201 164 201 93 149 93 244 193 239 182 254 244 38 9 13 43 0 9 121 147 133 110 119 121 32 35 31 32 60 43 60 255 134 145 128 151 134 61 62 60 99 61 146 143 151 146 114 134 147 84 114 67 75 26 95 67 41 32 41 
104 231 163 137 205 158 152 163 80 45 48 149 80 114 55 126 100 138 133 126 203 163 203 94 154 94 243 192 238 182 252 243 37 0 7 44 9 0 120 147 131 113 119 120 34 28 37 34 63 41 63 254 136 146 128 154 136 65 66 64 105 65 147 148 154 147 115 139 149 84 115 70 76 33 98 70 51 29 51 
39 115 51 60 91 49 51 51 82 77 141 161 82 33 79 29 31 62 32 29 102 44 102 44 96 44 123 72 118 64 132 123 156 120 126 164 121 120 0 28 11 58 14 0 91 140 99 91 71 80 71 134 40 48 14 72 40 74 74 75 88 74 50 96 65 50 37 95 56 38 37 189 196 144 216 189 136 148 136 
54 88 27 56 64 28 35 27 99 102 163 168 99 43 102 31 57 73 29 31 79 16 79 62 91 62 98 46 93 37 106 98 183 147 153 190 147 147 28 0 17 66 29 28 116 167 123 116 93 106 93 108 35 36 20 62 35 95 95 96 98 95 38 93 53 38 45 95 46 63 45 214 222 168 242 214 158 175 158 
47 105 43 61 82 42 46 43 91 88 151 167 91 38 90 30 40 62 32 30 95 33 95 53 97 53 112 61 107 54 121 112 167 131 137 175 133 131 11 17 0 63 19 11 102 151 110 102 81 91 81 123 39 45 13 71 39 84 84 85 94 84 47 97 63 47 42 97 54 49 42 200 207 155 227 200 146 159 146 
21 127 65 25 102 58 48 65 40 72 112 103 40 26 58 35 76 118 38 35 92 78 92 25 47 25 157 107 151 88 162 157 149 113 120 150 110 113 58 66 63 0 45 58 79 139 79 79 51 81 51 162 34 42 51 41 34 49 48 50 32 49 41 43 42 41 22 39 39 48 22 170 182 124 196 170 105 142 105 
28 113 46 47 88 42 41 46 72 74 135 148 72 19 73 16 41 75 21 16 94 45 94 34 82 34 127 75 122 63 135 127 155 119 125 162 119 119 14 29 19 45 0 14 87 140 94 87 65 79 65 136 28 37 9 60 28 67 66 68 75 67 39 82 53 39 24 81 45 35 24 186 194 140 213 186 129 148 129 
39 115 51 60 91 49 51 51 82 77 141 161 82 33 79 29 31 62 32 29 102 44 102 44 96 44 123 72 118 64 132 123 156 120 126 164 121 120 0 28 11 58 14 0 91 140 99 91 71 80 71 134 40 48 14 72 40 74 74 75 88 74 50 96 65 50 37 95 56 38 37 189 196 144 216 189 136 148 136 
70 198 131 103 172 125 118 131 48 15 53 127 48 81 21 93 77 121 100 93 169 132 169 60 121 60 213 162 208 150 222 213 70 34 41 75 32 34 91 116 102 79 87 91 0 61 13 0 28 20 28 224 102 113 96 120 102 30 32 30 73 30 113 115 120 113 82 106 114 53 82 98 107 53 126 98 50 63 50 
128 253 186 163 228 181 176 186 108 69 68 175 108 138 82 149 116 147 156 149 228 183 228 119 181 119 261 212 256 203 271 261 23 28 22 39 35 28 140 167 151 139 140 140 61 0 64 61 89 61 89 274 160 170 149 180 160 91 93 91 132 91 171 175 179 171 140 166 173 106 140 64 63 47 90 64 72 16 72 
74 202 136 104 176 130 122 136 44 27 42 116 44 85 22 98 88 133 105 98 171 139 171 64 118 64 221 170 216 156 229 221 70 37 43 71 31 37 99 123 110 79 94 99 13 64 0 13 31 33 31 231 106 116 103 120 106 31 32 30 68 31 117 112 121 117 85 102 117 61 85 92 103 46 119 92 38 64 38 
70 198 131 103 172 125 118 131 48 15 53 127 48 81 21 93 77 121 100 93 169 132 169 60 121 60 213 162 208 150 222 213 70 34 41 75 32 34 91 116 102 79 87 91 0 61 13 0 28 20 28 224 102 113 96 120 102 30 32 30 73 30 113 115 120 113 82 106 114 53 82 98 107 53 126 98 50 63 50 
43 171 105 75 146 99 92 105 26 23 70 113 26 55 9 67 66 113 74 67 141 109 141 34 93 34 191 140 186 126 199 191 98 63 69 101 60 63 71 93 81 51 65 71 28 89 31 28 0 35 0 200 75 85 74 92 75 5 6 5 49 5 86 88 92 86 55 80 87 34 55 123 134 77 150 123 65 91 65 
68 192 124 104 166 120 115 124 60 11 72 144 60 77 32 88 61 102 95 88 167 123 167 59 126 59 202 152 198 142 212 202 76 41 47 85 43 41 80 106 91 81 79 80 20 61 33 20 35 0 35 214 98 109 88 121 98 39 40 39 83 39 110 121 119 110 79 114 113 44 79 110 116 68 138 110 70 69 70 
43 171 105 75 146 99 92 105 26 23 70 113 26 55 9 67 66 113 74 67 141 109 141 34 93 34 191 140 186 126 199 191 98 63 69 101 60 63 71 93 81 51 65 71 28 89 31 28 0 35 0 200 75 85 74 92 75 5 6 5 49 5 86 88 92 86 55 80 87 34 55 123 134 77 150 123 65 91 65 
158 48 97 141 64 104 114 97 201 210 270 249 201 146 209 133 160 148 127 133 95 92 95 167 160 167 21 62 21 75 7 21 291 254 261 298 255 254 134 108 123 162 136 134 224 274 231 224 200 214 200 0 128 120 127 133 128 202 201 202 193 202 121 166 125 121 147 174 124 171 147 322 330 276 349 322 264 283 264 
32 96 31 22 71 25 16 31 73 91 143 134 73 21 84 13 69 101 8 13 69 45 69 42 58 42 123 73 117 54 128 123 172 136 142 176 134 136 40 35 39 34 28 40 102 160 106 102 75 98 75 128 0 11 27 32 0 75 74 76 66 75 12 59 25 12 20 60 17 55 20 198 209 152 225 198 136 165 136 
42 86 24 23 61 17 6 24 81 102 152 136 81 32 94 23 78 107 16 23 58 42 58 52 55 52 116 68 110 47 121 116 183 146 153 186 145 146 48 36 45 42 37 48 113 170 116 113 85 109 85 120 11 0 34 26 11 85 84 86 73 85 2 58 18 2 31 61 9 66 31 208 219 162 235 208 146 175 146 
35 105 39 48 80 36 37 39 81 83 144 154 81 26 82 17 45 73 20 17 89 36 89 43 84 43 118 66 112 55 126 118 164 128 134 171 128 128 14 20 13 51 9 14 96 149 103 96 74 88 74 127 27 34 0 59 27 76 75 77 82 76 37 85 52 37 29 85 43 44 29 195 203 149 222 195 138 156 138 
54 92 45 17 69 39 28 45 80 112 152 117 80 48 99 44 100 132 40 44 51 66 51 62 31 62 132 88 126 66 134 132 190 154 161 191 151 154 72 62 71 41 60 72 120 180 120 120 92 121 92 133 32 26 59 0 32 90 89 91 64 90 24 35 9 24 44 41 17 81 44 211 223 164 236 211 145 183 145 
32 96 31 22 71 25 16 31 73 91 143 134 73 21 84 13 69 101 8 13 69 45 69 42 58 42 123 73 117 54 128 123 172 136 142 176 134 136 40 35 39 34 28 40 102 160 106 102 75 98 75 128 0 11 27 32 0 75 74 76 66 75 12 59 25 12 20 60 17 55 20 198 209 152 225 198 136 165 136 
44 172 106 73 146 100 92 106 21 28 68 108 21 56 9 68 71 118 75 68 140 111 140 34 90 34 193 142 188 127 201 193 100 65 71 102 61 65 74 95 84 49 67 74 30 91 31 30 5 39 5 202 75 85 76 90 75 0 1 1 44 0 86 84 91 86 55 76 86 38 55 123 134 76 149 123 63 93 63 
43 171 105 72 145 99 91 105 20 29 69 107 20 55 11 67 71 118 74 67 139 110 139 33 89 33 192 141 187 126 200 192 101 66 72 103 62 66 74 95 84 48 66 74 32 93 32 32 6 40 6 201 74 84 75 89 74 1 0 2 43 1 85 83 89 85 54 75 85 38 54 124 135 77 150 124 63 94 63 
45 172 106 74 147 100 92 106 21 27 67 108 21 56 9 69 71 118 75 69 141 112 141 35 91 35 194 142 189 128 201 194 99 64 70 101 60 64 75 96 85 50 68 75 30 91 30 30 5 39 5 202 76 86 77 91 76 1 2 0 45 1 87 85 92 87 56 77 87 38 56 122 133 75 148 122 62 92 62 
48 155 97 52 130 89 78 97 25 72 91 74 25 57 53 67 99 145 70 67 115 111 115 45 52 45 189 139 183 120 193 189 137 105 111 135 99 105 88 98 94 32 75 88 73 132 68 73 49 83 49 193 66 73 82 64 66 44 43 45 0 44 72 45 69 72 53 35 68 66 53 151 165 106 175 151 83 131 83 
44 172 106 73 146 100 92 106 21 28 68 108 21 56 9 68 71 118 75 68 140 111 140 34 90 34 193 142 188 127 201 193 100 65 71 102 61 65 74 95 84 49 67 74 30 91 31 30 5 39 5 202 75 85 76 90 75 0 1 1 44 0 86 84 91 86 55 76 86 38 55 123 134 76 149 123 63 93 63 
43 86 25 22 61 18 6 25 81 103 152 135 81 33 95 24 80 109 18 24 57 44 57 53 53 53 117 69 111 48 121 117 184 147 154 187 146 147 50 38 47 41 39 50 113 171 117 113 86 110 86 121 12 2 37 24 12 86 85 87 72 86 0 56 16 0 32 60 7 67 32 209 220 162 235 209 146 176 146 
64 123 80 37 102 73 61 80 68 111 135 83 68 64 94 68 118 157 66 68 78 100 78 68 8 68 167 123 161 101 168 167 181 148 154 179 143 148 96 93 97 43 82 96 115 175 112 115 88 121 88 166 59 58 85 35 59 84 83 85 45 84 56 0 44 56 60 10 49 91 60 196 210 151 218 196 127 175 127 
51 86 36 18 62 29 19 36 83 110 154 126 83 44 100 38 94 124 33 38 49 57 49 60 40 60 124 79 118 57 126 124 190 154 161 192 151 154 65 53 63 42 53 65 120 179 121 120 92 119 92 125 25 18 52 9 25 91 89 92 69 91 16 44 0 16 41 49 9 78 41 213 224 166 238 213 148 183 148 
43 86 25 22 61 18 6 25 81 103 152 135 81 33 95 24 80 109 18 24 57 44 57 53 53 53 117 69 111 48 121 117 184 147 154 187 146 147 50 38 47 41 39 50 113 171 117 113 86 110 86 121 12 2 37 24 12 86 85 87 72 86 0 56 16 0 32 60 7 67 32 209 220 162 235 209 146 176 146 
11 117 51 28 91 44 37 51 54 71 123 125 54 4 63 15 58 98 20 15 88 59 88 21 61 21 140 89 135 72 147 140 152 115 122 156 114 115 37 45 42 22 24 37 82 140 85 82 55 79 55 147 20 31 29 44 20 55 54 56 53 55 32 60 41 32 0 58 34 37 0 178 188 131 204 178 117 145 117 
60 131 84 39 109 77 65 84 58 103 125 76 58 62 85 67 115 156 67 67 87 103 87 63 18 63 173 128 167 106 175 173 171 139 145 169 134 139 95 95 97 39 81 95 106 166 102 106 80 114 80 174 60 61 85 41 60 76 75 77 35 76 60 10 49 60 58 0 53 86 58 185 200 141 208 185 117 166 117 
45 87 31 17 63 24 12 31 80 105 151 129 80 36 95 29 86 116 24 29 54 51 54 54 46 54 121 74 116 53 125 121 185 149 155 188 147 149 56 46 54 39 45 56 114 173 117 114 87 113 87 124 17 9 43 17 17 86 85 87 68 86 7 49 9 7 34 53 0 71 34 209 220 162 235 209 145 178 145 
28 147 80 65 122 76 71 80 51 39 103 138 51 35 42 44 34 82 51 44 124 80 124 23 94 23 161 110 156 98 170 161 120 84 90 127 84 84 38 63 49 48 35 38 53 106 61 53 34 44 34 171 55 66 44 81 55 38 38 38 66 38 67 91 78 67 37 86 71 0 37 151 159 106 179 151 98 112 98 
11 117 51 28 91 44 37 51 54 71 123 125 54 4 63 15 58 98 20 15 88 59 88 21 61 21 140 89 135 72 147 140 152 115 122 156 114 115 37 45 42 22 24 37 82 140 85 82 55 79 55 147 20 31 29 44 20 55 54 56 53 55 32 60 41 32 0 58 34 37 0 178 188 131 204 178 117 145 117 
166 294 228 195 269 222 214 228 131 112 61 166 131 178 114 190 170 207 197 190 262 230 262 157 203 157 311 260 306 248 320 311 41 70 65 26 67 70 189 214 200 170 186 189 98 64 92 98 123 110 123 322 198 208 195 211 198 123 124 122 151 123 209 196 213 209 178 185 209 151 178 0 19 47 28 0 68 49 68 
177 305 238 207 279 232 225 238 144 120 76 184 144 188 125 200 175 209 207 200 274 239 274 167 217 167 318 268 314 257 328 318 41 76 70 33 75 76 196 222 207 182 194 196 107 63 103 107 134 116 134 330 209 219 203 223 209 134 135 133 165 134 220 210 224 220 188 200 220 159 188 19 0 59 31 19 84 49 84 
120 248 181 149 222 176 168 181 85 67 22 133 85 131 68 144 128 169 150 144 215 185 215 110 158 110 266 215 261 202 275 266 36 33 32 28 26 33 144 168 155 124 140 144 53 47 46 53 77 68 77 276 152 162 149 164 152 76 77 75 106 76 162 151 166 162 131 141 162 106 131 47 59 0 73 47 29 35 29 
193 321 255 220 295 249 241 255 156 140 84 180 156 205 141 217 198 235 224 217 287 258 287 183 226 183 339 288 334 275 348 339 68 98 93 54 95 98 216 242 227 196 213 216 126 90 119 126 150 138 150 349 225 235 222 236 225 149 150 148 175 149 235 218 238 235 204 208 235 179 204 28 31 73 0 28 91 76 91 
166 294 228 195 269 222 214 228 131 112 61 166 131 178 114 190 170 207 197 190 262 230 262 157 203 157 311 260 306 248 320 311 41 70 65 26 67 70 189 214 200 170 186 189 98 64 92 98 123 110 123 322 198 208 195 211 198 123 124 122 151 123 209 196 213 209 178 185 209 151 178 0 19 47 28 0 68 49 68 
106 232 167 130 207 161 152 167 65 65 8 105 65 118 57 131 126 171 137 131 196 174 196 97 135 97 256 204 250 189 263 256 65 51 53 56 41 51 136 158 146 105 129 136 50 72 38 50 65 70 65 264 136 146 138 145 136 63 63 62 83 63 146 127 148 146 117 117 145 98 117 68 84 29 91 68 0 63 0 
133 260 192 166 234 187 181 192 107 74 57 167 107 144 84 155 126 160 162 155 232 191 232 123 181 123 270 221 266 211 281 270 8 29 23 23 32 29 148 175 159 142 148 148 63 16 64 63 91 69 91 283 165 175 156 183 165 93 94 92 131 93 176 175 183 176 145 166 178 112 145 49 49 35 76 49 63 0 63 
106 232 167 130 207 161 152 167 65 65 8 105 65 118 57 131 126 171 137 131 196 174 196 97 135 97 256 204 250 189 263 256 65 51 53 56 41 51 136 158 146 105 129 136 50 72 38 50 65 70 65 264 136 146 138 145 136 63 63 62 83 63 146 127 148 146 117 117 145 98 117 68 84 29 91 68 0 63 0 
Traveling Time Matrix: 
0 256 123 73 205 111 97 123 90 119 223 243 90 23 104 49 110 195 61 49 198 137 198 20 133 20 300 197 289 166 314 300 280 208 221 288 205 208 79 108 93 43 55 79 140 256 148 140 87 136 87 315 64 85 71 107 64 88 86 89 96 88 87 128 102 87 23 120 89 56 23 333 353 240 386 333 211 266 211 
256 0 135 207 51 145 160 135 334 371 476 409 334 233 359 209 290 297 195 209 95 147 95 275 232 275 117 111 108 104 104 117 533 460 473 543 458 460 231 176 211 254 226 231 394 506 403 394 342 383 342 96 192 172 210 183 192 342 340 344 309 342 172 245 172 172 233 262 175 295 233 587 608 494 640 587 463 518 463 
123 135 0 93 84 15 38 0 208 236 346 320 208 100 226 75 164 199 62 75 105 45 105 142 151 142 184 87 172 46 194 184 399 326 339 410 325 326 101 54 86 130 92 101 261 371 270 261 209 248 209 194 63 49 77 90 63 210 208 212 193 210 50 159 72 50 101 168 62 160 101 455 475 362 508 455 334 384 334 
73 207 93 0 158 79 55 93 130 188 273 227 130 64 165 62 171 242 59 62 133 129 133 90 72 90 276 180 264 139 283 276 345 274 287 349 268 274 119 113 121 50 94 119 206 325 208 206 150 207 150 282 44 45 97 34 44 147 144 148 103 147 43 73 35 43 56 78 33 129 56 390 414 297 441 390 260 332 260 
205 51 84 158 0 94 109 84 283 320 425 369 283 182 308 158 243 259 144 158 70 102 70 224 191 224 135 84 124 60 133 135 482 409 422 492 407 409 182 129 163 203 175 182 343 455 352 343 291 332 291 129 141 121 160 137 141 291 289 293 261 291 121 204 124 121 182 218 125 244 182 536 557 443 589 536 412 467 412 
111 145 15 79 94 0 24 15 194 226 334 305 194 88 214 64 161 203 51 64 106 56 106 130 137 130 198 102 187 61 208 198 389 316 329 398 314 316 98 56 85 116 85 98 249 362 258 249 197 239 197 208 49 34 72 77 49 198 196 200 179 198 36 145 58 36 89 154 47 151 89 443 463 350 496 443 321 374 321 
97 160 38 55 109 24 0 38 174 215 316 282 174 76 200 55 162 215 41 55 107 78 107 116 115 116 221 125 210 84 229 221 377 304 317 384 301 304 101 70 92 95 81 101 236 351 244 236 183 229 183 229 33 12 74 56 33 183 181 185 156 183 13 122 37 13 74 130 24 142 74 428 449 335 481 428 303 362 303 
123 135 0 93 84 15 38 0 208 236 346 320 208 100 226 75 164 199 62 75 105 45 105 142 151 142 184 87 172 46 194 184 399 326 339 410 325 326 101 54 86 130 92 101 261 371 270 261 209 248 209 194 63 49 77 90 63 210 208 212 193 210 50 159 72 50 101 168 62 160 101 455 475 362 508 455 334 384 334 
90 334 208 130 283 194 174 208 0 97 144 177 0 113 57 138 171 266 148 138 262 227 262 76 148 76 388 286 377 253 401 388 226 161 174 225 151 161 164 198 181 81 144 164 97 216 88 97 52 120 52 402 146 162 161 160 146 42 40 43 49 42 162 135 165 162 109 117 160 103 109 262 288 170 312 262 130 215 130 
119 371 236 188 320 226 215 236 97 0 136 266 97 139 41 162 123 212 176 162 317 237 317 100 231 100 397 297 388 274 417 397 163 90 103 175 90 90 153 204 175 143 148 153 30 138 53 30 46 23 46 420 182 203 166 222 182 55 58 54 143 55 205 221 221 205 142 205 208 78 142 224 240 135 280 224 129 148 129 
223 476 346 273 425 334 316 346 144 136 0 223 144 246 123 272 259 347 284 272 405 358 405 205 284 205 521 419 511 389 537 521 116 96 99 98 78 96 280 326 302 223 269 280 106 135 84 106 140 144 140 538 285 304 287 302 285 137 138 135 181 137 304 270 308 304 245 249 302 205 245 122 153 44 168 122 15 114 15 
243 409 320 227 369 305 282 320 177 266 223 0 177 257 225 275 344 436 278 275 316 356 316 238 178 238 497 406 486 364 501 497 339 298 307 320 281 298 321 335 332 206 296 321 255 349 233 255 226 288 226 498 267 272 307 234 267 216 215 216 147 216 270 165 250 270 249 152 258 276 249 331 367 267 361 331 210 334 210 
90 334 208 130 283 194 174 208 0 97 144 177 0 113 57 138 171 266 148 138 262 227 262 76 148 76 388 286 377 253 401 388 226 161 174 225 151 161 164 198 181 81 144 164 97 216 88 97 52 120 52 402 146 162 161 160 146 42 40 43 49 42 162 135 165 162 109 117 160 103 109 262 288 170 312 262 130 215 130 
23 233 100 64 182 88 76 100 113 139 246 257 113 0 126 26 108 187 38 26 180 114 180 42 131 42 277 174 266 143 291 277 301 228 241 310 226 228 65 85 76 52 39 65 161 276 170 161 109 154 109 292 43 64 51 95 43 111 109 112 112 111 67 128 87 67 9 125 72 68 9 355 375 262 408 355 234 286 234 
104 359 226 165 308 214 200 226 57 41 123 225 57 126 0 152 144 238 164 152 297 235 297 85 198 85 398 296 388 269 415 398 180 110 123 185 103 110 158 203 179 116 146 158 42 164 44 42 18 64 18 418 167 188 164 198 167 19 21 17 105 19 189 187 199 189 127 170 190 83 127 229 250 136 282 229 113 167 113 
49 209 75 62 158 64 55 75 138 162 272 275 138 26 152 0 112 180 14 0 162 89 162 68 134 68 251 149 240 117 265 251 325 252 265 335 250 252 57 62 60 70 32 57 186 298 196 186 135 175 135 266 25 45 35 88 25 137 135 138 134 137 49 135 75 49 29 135 59 87 29 380 400 288 434 380 260 310 260 
110 290 164 171 243 161 162 164 171 123 259 344 171 108 144 112 0 95 123 112 266 144 266 108 238 108 290 195 282 187 312 290 268 200 211 288 206 200 63 115 80 152 81 63 153 231 176 153 132 121 132 318 137 155 89 198 137 141 142 142 198 141 159 235 187 159 117 229 171 68 117 340 350 256 396 340 252 252 252 
195 297 199 242 259 203 215 199 266 212 347 436 266 187 238 180 95 0 185 180 304 161 304 198 314 198 259 187 254 200 287 259 337 276 284 362 286 276 123 147 123 236 150 123 241 294 265 241 227 204 227 296 200 213 147 264 200 236 236 236 289 236 217 314 248 217 195 311 231 163 195 415 419 338 471 415 341 321 341 
61 195 62 59 144 51 41 62 148 176 284 278 148 38 164 14 123 185 0 14 148 81 148 80 130 80 241 139 230 105 254 241 338 265 278 348 263 265 65 57 63 76 42 65 199 312 208 199 147 189 147 255 15 33 39 79 15 149 147 150 140 149 36 132 65 36 40 134 48 101 40 393 413 300 446 393 272 323 272 
49 209 75 62 158 64 55 75 138 162 272 275 138 26 152 0 112 180 14 0 162 89 162 68 134 68 251 149 240 117 265 251 325 252 265 335 250 252 57 62 60 70 32 57 186 298 196 186 135 175 135 266 25 45 35 88 25 137 135 138 134 137 49 135 75 49 29 135 59 87 29 380 400 288 434 380 260 310 260 
198 95 105 133 70 106 107 105 262 317 405 316 262 180 297 162 266 304 148 162 0 144 0 217 141 217 203 148 191 111 196 203 477 405 418 481 400 405 204 159 190 183 187 204 337 454 340 337 281 333 281 189 138 117 177 103 138 279 276 280 229 279 114 156 98 114 176 174 109 248 176 522 546 429 573 522 391 463 391 
137 147 45 129 102 56 78 45 227 237 358 356 227 114 235 89 144 161 81 89 144 0 144 154 193 154 164 61 153 43 180 164 398 326 338 412 327 326 87 33 66 156 89 87 264 366 277 264 218 245 218 183 89 84 72 133 89 222 220 223 221 222 88 199 114 88 118 206 102 159 118 460 476 368 515 460 347 382 347 
198 95 105 133 70 106 107 105 262 317 405 316 262 180 297 162 266 304 148 162 0 144 0 217 141 217 203 148 191 111 196 203 477 405 418 481 400 405 204 159 190 183 187 204 337 454 340 337 281 333 281 189 138 117 177 103 138 279 276 280 229 279 114 156 98 114 176 174 109 248 176 522 546 429 573 522 391 463 391 
20 275 142 90 224 130 116 142 76 100 205 238 76 42 85 68 108 198 80 68 217 154 217 0 143 0 317 214 306 185 332 317 261 189 202 268 185 189 89 124 106 50 69 89 120 238 128 120 67 118 67 334 83 104 86 124 83 69 67 70 91 69 106 136 121 106 43 126 108 46 43 313 333 220 366 313 193 247 193 
133 232 151 72 191 137 115 151 148 231 284 178 148 131 198 134 238 314 130 134 141 193 141 143 0 143 322 236 311 192 324 322 374 307 320 372 298 307 191 182 193 93 164 191 240 362 235 240 186 252 186 320 115 110 168 61 115 180 177 181 103 180 106 15 79 106 122 36 92 188 122 405 434 316 452 405 269 362 269 
20 275 142 90 224 130 116 142 76 100 205 238 76 42 85 68 108 198 80 68 217 154 217 0 143 0 317 214 306 185 332 317 261 189 202 268 185 189 89 124 106 50 69 89 120 238 128 120 67 118 67 334 83 104 86 124 83 69 67 70 91 69 106 136 121 106 43 126 108 46 43 313 333 220 366 313 193 247 193 
300 117 184 276 135 198 221 184 388 397 521 497 388 277 398 251 290 259 241 251 203 164 203 317 322 317 0 103 12 138 30 0 556 484 496 571 486 484 244 195 222 314 252 244 425 521 440 425 381 403 381 43 245 232 234 264 245 385 383 386 377 385 233 334 247 233 280 346 243 320 280 621 635 531 676 621 510 540 510 
197 111 87 180 84 102 125 87 286 297 419 406 286 174 296 149 195 187 139 149 148 61 148 214 236 214 103 0 93 44 120 103 456 384 396 471 386 384 144 93 122 213 150 144 324 423 338 324 279 303 279 125 145 135 132 175 145 283 281 284 277 283 137 245 157 137 178 255 148 219 178 520 535 429 575 520 407 440 407 
289 108 172 264 124 187 210 172 377 388 511 486 377 266 388 240 282 254 230 240 191 153 191 306 311 306 12 93 0 126 33 12 547 475 487 562 477 475 235 185 213 302 242 235 416 512 430 416 371 394 371 43 234 221 224 252 234 375 373 376 365 375 222 322 236 222 269 335 231 311 269 612 626 521 667 612 499 531 499 
166 104 46 139 60 61 84 46 253 274 389 364 253 143 269 117 187 200 105 117 111 43 111 185 192 185 138 44 126 0 149 138 436 363 376 449 364 363 128 73 107 176 126 128 300 405 312 300 251 284 251 150 108 95 109 131 108 254 252 255 239 254 96 201 114 96 145 212 106 196 145 495 514 403 550 495 377 421 377 
314 104 194 283 133 208 229 194 401 417 537 501 401 291 415 265 312 287 254 265 196 180 196 332 324 332 30 120 33 149 0 30 576 504 516 591 506 504 264 213 242 324 269 264 444 542 457 444 398 423 398 13 256 241 252 267 256 401 399 402 385 401 242 336 253 242 293 350 250 339 293 640 655 548 695 640 525 560 525 
300 117 184 276 135 198 221 184 388 397 521 497 388 277 398 251 290 259 241 251 203 164 203 317 322 317 0 103 12 138 30 0 556 484 496 571 486 484 244 195 222 314 252 244 425 521 440 425 381 403 381 43 245 232 234 264 245 385 383 386 377 385 233 334 247 233 280 346 243 320 280 621 635 531 676 621 510 540 510 
280 533 399 345 482 389 377 399 226 163 116 339 226 301 180 325 268 337 338 325 477 398 477 261 374 261 556 456 547 436 576 556 0 73 60 35 77 73 312 365 334 296 310 312 141 45 139 141 196 153 196 580 344 365 327 378 344 199 201 197 273 199 366 361 379 366 303 342 369 240 303 83 82 72 136 83 129 16 129 
208 460 326 274 409 316 304 326 161 90 96 298 161 228 110 252 200 276 265 252 405 326 405 189 307 189 484 384 475 363 504 484 73 0 13 89 18 0 240 293 262 226 237 240 69 55 74 69 125 81 125 508 271 292 255 308 271 129 131 127 209 129 294 295 307 294 231 277 297 167 231 140 151 67 196 140 101 58 101 
221 473 339 287 422 329 317 339 174 103 99 307 174 241 123 265 211 284 278 265 418 338 418 202 320 202 496 396 487 376 516 496 60 13 0 78 26 13 252 305 274 239 250 252 82 43 86 82 138 93 138 520 284 305 267 321 284 142 144 140 222 142 307 308 320 307 244 290 310 180 244 131 140 65 187 131 106 45 106 
288 543 410 349 492 398 384 410 225 175 98 320 225 310 185 335 288 362 348 335 481 412 481 268 372 268 571 471 562 449 591 571 35 89 78 0 85 89 327 379 349 300 323 327 149 78 142 149 202 169 202 595 351 372 341 382 351 203 205 201 269 203 374 358 383 374 311 338 375 253 311 53 65 57 109 53 112 46 112 
205 458 325 268 407 314 301 325 151 90 78 281 151 226 103 250 206 286 263 250 400 327 400 185 298 185 486 386 477 364 506 486 77 18 26 85 0 18 242 294 264 219 238 242 65 69 63 65 120 86 120 510 268 289 256 301 268 122 124 120 198 122 291 285 302 291 228 266 293 168 228 135 150 52 191 135 83 64 83 
208 460 326 274 409 316 304 326 161 90 96 298 161 228 110 252 200 276 265 252 405 326 405 189 307 189 484 384 475 363 504 484 73 0 13 89 18 0 240 293 262 226 237 240 69 55 74 69 125 81 125 508 271 292 255 308 271 129 131 127 209 129 294 295 307 294 231 277 297 167 231 140 151 67 196 140 101 58 101 
79 231 101 119 182 98 101 101 164 153 280 321 164 65 158 57 63 123 65 57 204 87 204 89 191 89 244 144 235 128 264 244 312 240 252 327 242 240 0 55 22 116 27 0 182 279 198 182 142 159 142 268 80 96 27 144 80 148 147 149 175 148 100 191 130 100 73 189 113 77 73 377 391 287 433 377 271 296 271 
108 176 54 113 129 56 70 54 198 204 326 335 198 85 203 62 115 147 57 62 159 33 159 124 182 124 195 93 185 73 213 195 365 293 305 379 294 293 55 0 35 131 57 55 231 333 245 231 186 212 186 216 69 72 39 124 69 190 188 191 196 190 76 186 107 76 91 190 91 126 91 427 443 336 482 427 315 349 315 
93 211 86 121 163 85 92 86 181 175 302 332 181 76 179 60 80 123 63 60 190 66 190 106 193 106 222 122 213 107 242 222 334 262 274 349 264 262 22 35 0 126 38 22 203 301 220 203 163 181 163 246 78 90 26 141 78 168 167 169 188 168 94 194 125 94 83 195 108 98 83 399 413 309 454 399 292 318 292 
43 254 130 50 203 116 95 130 81 143 223 206 81 52 116 70 152 236 76 70 183 156 183 50 93 50 314 213 302 176 324 314 296 226 239 300 219 226 116 131 126 0 90 116 157 278 158 157 101 163 101 323 69 83 101 82 69 98 95 99 65 98 83 86 85 83 43 78 79 96 43 340 364 247 391 340 210 283 210 
55 226 92 94 175 85 81 92 144 148 269 296 144 39 146 32 81 150 42 32 187 89 187 69 164 69 252 150 242 126 269 252 310 237 250 323 238 237 27 57 38 90 0 27 175 280 189 175 129 158 129 272 56 74 18 120 56 134 132 135 150 134 78 164 106 78 47 162 90 70 47 371 388 279 426 371 259 295 259 
79 231 101 119 182 98 101 101 164 153 280 321 164 65 158 57 63 123 65 57 204 87 204 89 191 89 244 144 235 128 264 244 312 240 252 327 242 240 0 55 22 116 27 0 182 279 198 182 142 159 142 268 80 96 27 144 80 148 147 149 175 148 100 191 130 100 73 189 113 77 73 377 391 287 433 377 271 296 271 
140 394 261 206 343 249 236 261 97 30 106 255 97 161 42 186 153 241 199 186 337 264 337 120 240 120 425 324 416 300 444 425 141 69 82 149 65 69 182 231 203 157 175 182 0 122 26 0 56 40 56 447 203 224 193 239 203 61 63 59 146 61 226 229 239 226 163 212 228 105 163 196 214 106 251 196 101 127 101 
256 506 371 325 455 362 351 371 216 138 135 349 216 276 164 298 231 294 312 298 454 366 454 238 362 238 521 423 512 405 542 521 45 55 43 78 69 55 279 333 301 278 280 279 122 0 129 122 178 123 178 547 318 340 297 359 318 182 185 181 264 182 342 350 358 342 279 332 345 211 279 128 125 94 181 128 144 32 144 
148 403 270 208 352 258 244 270 88 53 84 233 88 170 44 196 176 265 208 196 340 277 340 128 235 128 440 338 430 312 457 440 139 74 86 142 63 74 198 245 220 158 189 198 26 129 0 26 61 66 61 460 211 232 206 240 211 61 64 60 136 61 233 223 242 233 171 204 233 122 171 185 206 92 238 185 76 127 76 
140 394 261 206 343 249 236 261 97 30 106 255 97 161 42 186 153 241 199 186 337 264 337 120 240 120 425 324 416 300 444 425 141 69 82 149 65 69 182 231 203 157 175 182 0 122 26 0 56 40 56 447 203 224 193 239 203 61 63 59 146 61 226 229 239 226 163 212 228 105 163 196 214 106 251 196 101 127 101 
87 342 209 150 291 197 183 209 52 46 140 226 52 109 18 135 132 227 147 135 281 218 281 67 186 67 381 279 371 251 398 381 196 125 138 202 120 125 142 186 163 101 129 142 56 178 61 56 0 69 0 400 150 171 147 183 150 10 12 11 97 10 172 175 183 172 110 159 174 68 110 246 267 153 299 246 130 183 130 
136 383 248 207 332 239 229 248 120 23 144 288 120 154 64 175 121 204 189 175 333 245 333 118 252 118 403 303 394 284 423 403 153 81 93 169 86 81 159 212 181 163 158 159 40 123 66 40 69 0 69 427 197 218 175 241 197 78 80 77 166 78 220 242 238 220 157 227 225 88 157 220 232 135 276 220 140 137 140 
87 342 209 150 291 197 183 209 52 46 140 226 52 109 18 135 132 227 147 135 281 218 281 67 186 67 381 279 371 251 398 381 196 125 138 202 120 125 142 186 163 101 129 142 56 178 61 56 0 69 0 400 150 171 147 183 150 10 12 11 97 10 172 175 183 172 110 159 174 68 110 246 267 153 299 246 130 183 130 
315 96 194 282 129 208 229 194 402 420 538 498 402 292 418 266 318 296 255 266 189 183 189 334 320 334 43 125 43 150 13 43 580 508 520 595 510 508 268 216 246 323 272 268 447 547 460 447 400 427 400 0 257 241 255 265 257 403 401 404 385 403 241 333 251 241 294 347 249 342 294 643 659 551 698 643 526 564 526 
64 192 63 44 141 49 33 63 146 182 285 267 146 43 167 25 137 200 15 25 138 89 138 83 115 83 245 145 234 108 256 245 344 271 284 351 268 271 80 69 78 69 56 80 203 318 211 203 150 197 150 257 0 22 54 64 0 150 148 152 132 150 24 117 50 24 41 121 34 110 41 395 416 302 448 395 272 329 272 
85 172 49 45 121 34 12 49 162 203 304 272 162 64 188 45 155 213 33 45 117 84 117 104 110 104 232 135 221 95 241 232 365 292 305 372 289 292 96 72 90 83 74 96 224 340 232 224 171 218 171 241 22 0 69 52 22 171 169 173 145 171 4 115 35 4 62 122 19 132 62 416 437 323 469 416 291 350 291 
71 210 77 97 160 72 74 77 161 166 287 307 161 51 164 35 89 147 39 35 177 72 177 86 168 86 234 132 224 109 252 234 327 255 267 341 256 255 27 39 26 101 18 27 193 297 206 193 147 175 147 255 54 69 0 118 54 151 150 152 163 151 73 169 103 73 58 169 86 88 58 389 405 297 444 389 276 312 276 
107 183 90 34 137 77 56 90 160 222 302 234 160 95 198 88 198 264 79 88 103 133 103 124 61 124 264 175 252 131 267 264 378 308 321 382 301 308 144 124 141 82 120 144 239 359 240 239 183 241 183 265 64 52 118 0 64 180 177 181 128 180 48 70 19 48 89 83 33 162 89 421 446 328 470 421 288 365 288 
64 192 63 44 141 49 33 63 146 182 285 267 146 43 167 25 137 200 15 25 138 89 138 83 115 83 245 145 234 108 256 245 344 271 284 351 268 271 80 69 78 69 56 80 203 318 211 203 150 197 150 257 0 22 54 64 0 150 148 152 132 150 24 117 50 24 41 121 34 110 41 395 416 302 448 395 272 329 272 
88 342 210 147 291 198 183 210 42 55 137 216 42 111 19 137 141 236 149 137 279 222 279 69 180 69 385 283 375 254 401 385 199 129 142 203 122 129 148 190 168 98 134 148 61 182 61 61 10 78 10 403 150 171 151 180 150 0 3 2 88 0 172 169 181 172 110 152 172 75 110 245 267 152 298 245 125 186 125 
86 340 208 144 289 196 181 208 40 58 138 215 40 109 21 135 142 236 147 135 276 220 276 67 177 67 383 281 373 252 399 383 201 131 144 205 124 131 147 188 167 95 132 147 63 185 64 63 12 80 12 401 148 169 150 177 148 3 0 4 86 3 170 166 178 170 108 149 170 75 108 248 270 155 301 248 127 188 127 
89 344 212 148 293 200 185 212 43 54 135 216 43 112 17 138 142 236 150 138 280 223 280 70 181 70 386 284 376 255 402 386 197 127 140 201 120 127 149 191 169 99 135 149 59 181 60 59 11 77 11 404 152 173 152 181 152 2 4 0 89 2 174 170 182 174 112 153 174 76 112 244 266 151 297 244 124 184 124 
